ISS (ZARYA)             
1 25544U 98067A   23226.81241378  .00011246  00000+0  20942-3 0  9992
2 25544  51.6404  38.0809 0003396 304.0192 188.0370 15.49349379410882
ISS DEB                 
1 47853U 98067RZ  23224.78980668  .00033999  00000+0  26462-3 0  9997
2 47853  51.6358   9.9207 0000338 123.4703 236.6327 15.71401167137708
CSS (TIANHE)            
1 48274U 21035A   23226.80739430  .00019737  00000+0  23512-3 0  9997
2 48274  41.4733 159.5946 0008028 156.2067 203.9144 15.60587432130999
ISS (NAUKA)             
1 49044U 21066A   23208.61713421  .00015820  00000+0  28372-3 0  9996
2 49044  51.6413 128.2059 0000549  66.5420 356.2728 15.50089259408066
FREGAT DEB              
1 49271U 11037PF  23226.00954903 -.00002072  00000+0 -66136-2 0  9996
2 49271  51.6107 142.0645 0911983 197.0707 159.7457 12.04878437 97872
CSS (WENTIAN)           
1 53239U 22085A   23208.56879338  .00018785  00000+0  22544-3 0  9991
2 53239  41.4743 270.5473 0007842   9.6907 350.4082 15.60421193128147
CSS (MENGTIAN)          
1 54216U 22143A   23208.56879338  .00018785  00000+0  22544-3 0  9992
2 54216  41.4743 270.5473 0007842   9.6907 350.4082 15.60421193128143
TIANZHOU-5              
1 54237U 22152A   23208.56879338  .00018785  00000+0  22544-3 0  9995
2 54237  41.4743 270.5473 0007842   9.6907 350.4082 15.60421193128146
SPORT                   
1 55129U 98067UW  23225.85861831  .00129491  00000+0  68613-3 0  9998
2 55129  51.6280  21.4017 0005251 308.6838  51.3693 15.79628510 35627
OPTIMAL-1               
1 55183U 98067VA  23226.53298080  .00871067  42607-3  97942-3 0  9997
2 55183  51.6336   8.5778 0012244 316.7009  43.3041 16.08592884 34577
ISS DEB (SPX-26 IPA FSE)
1 55448U 98067VB  23225.93088727  .00053592  00000+0  50492-3 0  9990
2 55448  51.6352  30.2234 0005863 311.2472  48.8018 15.66519611 30290
PROGRESS-MS 22          
1 55560U 23018A   23208.61713421  .00015820  00000+0  28372-3 0  9995
2 55560  51.6413 128.2059 0000549  66.5420 356.2728 15.50089259408066
SOYUZ-MS 23             
1 55688U 23024A   23208.61713421  .00015820  00000+0  28372-3 0  9993
2 55688  51.6413 128.2059 0000549  66.5420 356.2728 15.50089259408067
CREW DRAGON 6           
1 55740U 23027A   23208.61713421  .00015820  00000+0  28372-3 0  9995
2 55740  51.6413 128.2059 0000549  66.5420 356.2728 15.50089259408066
ARKSAT 1                
1 56311U 98067VC  23226.05471030  .00093700  00000+0  90095-3 0  9995
2 56311  51.6362  35.5497 0006711 287.6519  72.3743 15.65772961 17404
AURORASAT               
1 56312U 98067VD  23226.74162503  .00134365  00000+0  11077-2 0  9999
2 56312  51.6340  31.1250 0007832 286.3623  73.6512 15.69382081 17555
EX-ALTA-2               
1 56313U 98067VE  23226.18026464  .00095411  00000+0  91130-3 0  9990
2 56313  51.6339  34.8760 0006816 286.3945  73.6301 15.65930933 17443
LIGHTCUBE               
1 56314U 98067VF  23225.67894634  .00120018  00000+0  10374-2 0  9998
2 56314  51.6343  36.7767 0008116 272.6643  87.3425 15.68281770 17401
NEUDOSE                 
1 56315U 98067VG  23226.76524021  .00059378  00000+0  68057-3 0  9992
2 56315  51.6353  33.5395 0007156 283.1769  76.8426 15.61489501 17492
YUKONSAT                
1 56316U 98067VH  23226.75962184  .00078793  00000+0  81690-3 0  9998
2 56316  51.6353  32.7504 0007463 280.6006  79.4148 15.63942482 17521
ISS DEB                 
1 56434U 98067VJ  23226.09643685  .00061980  00000+0  75318-3 0  9998
2 56434  51.6376  38.0853 0006145 296.6346  63.4018 15.59954022 15944
TIANZHOU-6              
1 56446U 23063A   23208.56879338  .00018785  00000+0  22544-3 0  9991
2 56446  41.4743 270.5473 0007842   9.6907 350.4082 15.60421193128140
PROGRESS-MS 23          
1 56740U 23071A   23208.61713421  .00015820  00000+0  28372-3 0  9995
2 56740  51.6413 128.2059 0000549  66.5420 356.2728 15.50089259408067
SHENZHOU-16 (SZ-16)     
1 56761U 23077A   23208.56879338  .00018785  00000+0  22544-3 0  9996
2 56761  41.4743 270.5473 0007842   9.6907 350.4082 15.60421193128140
ISS DEB                 
1 57212U 98067VP  23226.73947811  .00026526  00000+0  42620-3 0  9999
2 57212  51.6396  37.8759 0005037 268.5932  91.4481 15.52814044  7815
1998-067VQ              
1 57312U 98067VQ  23226.47658843  .00049345  00000+0  75241-3 0  9994
2 57312  51.6398  39.1194 0002418 359.0599   1.0387 15.53966307  6071
1998-067VR              
1 57313U 98067VR  23225.70745515  .00045403  00000+0  70187-3 0  9998
2 57313  51.6400  42.9829 0000403  63.4871 296.6161 15.53626274  5969
1998-067VS              
1 57314U 98067VS  23226.77373312  .00088764  00000+0  12366-2 0  9990
2 57314  51.6377  37.3526 0002738 303.2983  56.7746 15.56175497  6129
1998-067VT              
1 57315U 98067VT  23225.76787538  .00051094  00000+0  77793-3 0  9990
2 57315  51.6395  42.6361 0002775 354.0250   6.0707 15.53990890  5974
MOONLIGHTER             
1 57316U 98067VU  23225.75879918  .00075426  00000+0  10925-2 0  9992
2 57316  51.6397  42.5760 0002607 305.0993  54.9753 15.55191169  5969
1998-067VV              
1 57317U 98067VV  23225.43493633  .00072493  00000+0  10561-2 0  9991
2 57317  51.6404  44.1661 0003041 333.2507  26.8327 15.55049781  5916
MAYA-5                  
1 57419U 98067VW  23225.78702950  .00062265  00000+0  95685-3 0  9994
2 57419  51.6385  42.7618 0005704 285.2895  74.7464 15.53638245  3972
MAYA-6                  
1 57420U 98067VX  23226.75167239  .00059874  00000+0  91755-3 0  9995
2 57420  51.6392  37.9539 0005927 290.0533  69.9819 15.53730239  4124
2023-110A               
1 57488U 23110A   23215.65015666  .00160216  19653-4  39052-3 0  9993
2 57488  51.6349  93.4730 0125016 163.5853 278.4345 15.83562888   258
